|FPs| = 2893
643 : 100
823 : 100
466 : 100
298 : 101
306 : 101
161 : 101
963 : 101
760 : 102
27 : 102
620 : 104
18 : 104
752 : 105
862 : 105
590 : 105
437 : 105
537 : 106
90 : 106
442 : 107
647 : 108
538 : 108
591 : 108
610 : 109
648 : 110
547 : 113
981 : 113
96 : 113
628 : 114
631 : 114
132 : 114
742 : 115
692 : 115
337 : 116
232 : 116
245 : 117
89 : 117
998 : 118
944 : 118
812 : 118
910 : 118
258 : 119
118 : 119
214 : 119
189 : 120
765 : 121
75 : 121
318 : 122
878 : 122
103 : 122
921 : 123
242 : 123
936 : 124
432 : 124
882 : 124
667 : 124
841 : 125
800 : 125
246 : 125
145 : 125
907 : 126
852 : 126
67 : 127
529 : 128
330 : 128
504 : 128
403 : 128
563 : 130
328 : 131
380 : 131
719 : 132
593 : 132
540 : 132
559 : 132
23 : 132
397 : 133
87 : 133
231 : 134
465 : 134
519 : 134
534 : 135
689 : 135
223 : 135
188 : 136
802 : 137
373 : 137
396 : 137
1 : 137
370 : 138
849 : 138
766 : 138
175 : 138
491 : 139
483 : 140
91 : 140
698 : 141
686 : 141
971 : 142
545 : 142
602 : 142
943 : 142
164 : 142
17 : 142
663 : 143
81 : 143
661 : 144
931 : 145
758 : 145
449 : 145
962 : 145
860 : 145
453 : 145
299 : 146
221 : 146
368 : 146
768 : 146
50 : 146
859 : 147
839 : 147
438 : 147
784 : 147
398 : 148
143 : 148
835 : 149
257 : 149
78 : 150
34 : 150
165 : 151
700 : 152
518, 700 : 101
700, 947 : 101
439, 700, 947 : 101
365, 700 : 105
365, 700, 439 : 101
439, 700 : 122
781 : 152
819 : 153
227 : 154
95 : 154
596 : 155
42 : 155
653 : 158
808 : 158
334 : 158
304 : 159
615, 304 : 106
159 : 160
127 : 160
788 : 162
577, 788 : 114
187 : 162
413 : 164
173 : 164
389 : 164
36 : 165
816 : 166
893 : 167
566 : 167
312 : 168
312, 884 : 102
935 : 169
730 : 169
521 : 169
941 : 169
56, 941 : 100
554, 941 : 101
941, 633 : 101
630, 941 : 101
941, 172 : 102
927 : 170
307 : 170
869 : 171
493 : 171
493, 424 : 102
493, 424, 527 : 100
493, 990, 424, 527 : 100
493, 194, 424 : 100
493, 194, 424, 527 : 100
493, 194, 424, 990 : 100
424, 990, 493, 194, 527 : 100
493, 198, 424 : 100
493, 194, 198, 424 : 100
493, 198, 424, 527 : 100
194, 424, 493, 198, 527 : 100
493, 198, 424, 990 : 100
424, 990, 493, 198, 527 : 100
194, 424, 990, 493, 198 : 100
194, 424, 990, 493, 198, 527 : 100
493, 73, 424 : 100
493, 73, 198, 424 : 100
493, 194, 73, 424 : 100
424, 493, 73, 198, 194 : 100
493, 73, 424, 527 : 100
194, 424, 493, 73, 527 : 100
424, 493, 73, 198, 527 : 100
194, 424, 493, 73, 198, 527 : 100
493, 73, 424, 990 : 100
424, 990, 493, 73, 527 : 100
424, 990, 493, 73, 194 : 100
424, 990, 493, 73, 194, 527 : 100
424, 990, 493, 73, 198 : 100
194, 424, 990, 493, 73, 198 : 100
424, 990, 493, 73, 198, 527 : 100
194, 424, 990, 493, 73, 198, 527 : 100
493, 424, 990 : 101
493, 260 : 102
493, 402 : 102
493, 402, 527 : 100
493, 402, 194 : 100
493, 402, 194, 527 : 100
493, 402, 990 : 100
493, 402, 194, 990 : 100
493, 402, 527, 990 : 100
402, 194, 990, 493, 527 : 100
493, 402, 198 : 100
493, 402, 198, 990 : 100
493, 402, 194, 198 : 100
402, 990, 493, 198, 194 : 100
493, 402, 198, 527 : 100
402, 194, 493, 198, 527 : 100
402, 990, 493, 198, 527 : 100
402, 194, 990, 493, 198, 527 : 100
493, 402, 73 : 100
493, 402, 73, 198 : 100
493, 402, 73, 990 : 100
402, 990, 493, 73, 198 : 100
493, 402, 73, 194 : 100
402, 990, 493, 73, 194 : 100
402, 493, 73, 198, 194 : 100
402, 990, 493, 73, 198, 194 : 100
493, 402, 73, 527 : 100
402, 194, 493, 73, 527 : 100
402, 990, 493, 73, 527 : 100
402, 194, 990, 493, 73, 527 : 100
402, 493, 73, 198, 527 : 100
402, 990, 493, 73, 198, 527 : 100
402, 194, 493, 73, 198, 527 : 100
402, 194, 990, 493, 73, 198, 527 : 100
493, 33 : 102
493, 33, 527 : 100
493, 33, 194 : 100
493, 33, 194, 527 : 100
493, 33, 990 : 100
493, 33, 194, 990 : 100
493, 33, 527, 990 : 100
33, 194, 990, 493, 527 : 100
493, 33, 198 : 100
493, 33, 198, 990 : 100
493, 194, 33, 198 : 100
33, 990, 493, 198, 194 : 100
493, 33, 198, 527 : 100
33, 194, 493, 198, 527 : 100
33, 990, 493, 198, 527 : 100
33, 194, 990, 493, 198, 527 : 100
493, 33, 73 : 100
493, 33, 198, 73 : 100
493, 33, 990, 73 : 100
33, 990, 493, 73, 198 : 100
493, 33, 194, 73 : 100
33, 990, 493, 73, 194 : 100
33, 493, 73, 198, 194 : 100
33, 990, 493, 73, 198, 194 : 100
493, 33, 527, 73 : 100
33, 194, 493, 73, 527 : 100
33, 990, 493, 73, 527 : 100
33, 194, 990, 493, 73, 527 : 100
33, 493, 73, 198, 527 : 100
33, 990, 493, 73, 198, 527 : 100
33, 194, 493, 73, 198, 527 : 100
33, 194, 990, 493, 73, 198, 527 : 100
493, 194 : 103
493, 194, 990 : 101
493, 198, 194 : 101
493, 198, 194, 990 : 101
493, 73, 194 : 101
493, 73, 198, 194 : 101
493, 73, 194, 990 : 101
990, 493, 73, 198, 194 : 101
493, 527 : 103
493, 194, 527 : 101
493, 527, 990 : 101
493, 194, 527, 990 : 101
493, 198, 527 : 101
493, 198, 527, 990 : 101
493, 194, 198, 527 : 101
990, 493, 198, 194, 527 : 101
493, 73, 527 : 101
493, 73, 198, 527 : 101
493, 73, 527, 990 : 101
990, 493, 73, 198, 527 : 101
493, 194, 73, 527 : 101
990, 493, 73, 194, 527 : 101
493, 73, 198, 194, 527 : 101
990, 493, 73, 198, 194, 527 : 101
493, 990 : 104
493, 73, 990 : 101
493, 73, 198, 990 : 101
493, 198, 990 : 102
493, 198 : 104
493, 73, 198 : 102
493, 73 : 105
216 : 172
569 : 174
250 : 174
53 : 174
422 : 176
848 : 176
300 : 177
595 : 177
576 : 178
279 : 178
376 : 179
376, 693 : 101
457 : 179
241 : 179
462 : 179
861 : 180
959 : 180
570, 959 : 101
101, 570, 959 : 101
845, 959 : 102
562, 845, 959 : 100
562, 101, 845, 959 : 100
845, 527, 959 : 100
101, 845, 527, 959 : 100
101, 845, 959 : 102
316, 959 : 105
562, 316, 959 : 101
562, 101, 316, 959 : 101
527, 316, 959 : 101
101, 527, 316, 959 : 101
218, 316, 959 : 102
218, 101, 316, 959 : 102
101, 316, 959 : 105
562, 959 : 108
562, 218, 959 : 101
562, 218, 101, 959 : 101
562, 527, 959 : 102
562, 101, 527, 959 : 102
562, 101, 959 : 104
527, 959 : 109
218, 527, 959 : 101
218, 101, 527, 959 : 101
101, 527, 959 : 105
101, 959 : 110
101, 218, 959 : 106
218, 959 : 115
811 : 180
60 : 180
676, 60 : 123
415 : 181
847 : 181
215 : 182
775 : 183
774 : 183
774, 52 : 101
177 : 184
148 : 184
866 : 185
195 : 185
759, 195 : 104
833 : 185
906 : 186
158 : 187
321 : 189
969 : 190
940 : 190
763 : 191
329 : 192
734 : 194
97 : 194
924 : 195
564 : 195
509 : 197
509, 193 : 114
895 : 198
7 : 198
430 : 199
375 : 199
375, 957 : 104
429 : 200
213 : 200
880 : 201
237, 880 : 132
386 : 202
211 : 202
926 : 203
273 : 205
912 : 205
174 : 205
35 : 205
35, 350 : 122
902 : 206
69 : 206
356 : 207
485 : 208
209 : 208
720 : 209
626 : 209
674, 626 : 117
38 : 211
24 : 211
487 : 212
939 : 212
572 : 212
384 : 213
530, 384 : 117
965 : 214
858, 965 : 104
613 : 215
589 : 215
716 : 216
365 : 216
365, 518 : 102
365, 439, 518 : 101
478, 365 : 104
365, 947 : 108
365, 947, 439 : 101
365, 439 : 112
125 : 216
883 : 217
830, 883 : 101
883, 723 : 113
865 : 217
831 : 218
315 : 218
814 : 218
609 : 218
623 : 219
854 : 220
854, 767 : 126
535 : 220
218, 535 : 111
247 : 220
247, 369 : 104
915, 247 : 107
186 : 220
791 : 221
266 : 222
905 : 222
65 : 222
65, 922 : 104
65, 471 : 104
65, 796, 471 : 101
65, 16 : 119
65, 16, 580 : 113
65, 16, 580, 796 : 112
65, 16, 796 : 117
65, 796 : 122
65, 796, 580 : 117
65, 580 : 139
825 : 223
171 : 223
448 : 224
913 : 225
964 : 226
724 : 226
846 : 228
395 : 229
4 : 229
829 : 230
359 : 230
218, 359 : 101
225 : 231
439, 225 : 112
709 : 231
709, 947 : 104
897 : 231
515 : 231
433 : 232
691 : 232
516 : 233
253 : 233
284, 253 : 119
459 : 233
459, 199 : 107
358 : 233
420, 358 : 122
408 : 234
425 : 234
336 : 236
336, 530 : 128
416 : 237
401 : 238
207 : 238
764, 207 : 101
115 : 238
904 : 239
517 : 239
517, 723 : 101
592 : 239
218, 592 : 105
19 : 239
706 : 240
109 : 240
109, 369 : 101
379 : 241
240, 379 : 104
624 : 241
2 : 241
308 : 242
418 : 242
916, 418 : 100
282 : 242
681 : 243
681, 181 : 103
830, 681 : 104
333 : 243
137 : 243
721, 137 : 120
832 : 244
140 : 244
495, 140 : 104
128 : 244
656 : 245
25 : 245
712 : 246
454 : 246
240, 454 : 109
259 : 246
444 : 248
470 : 249
470, 530 : 108
470, 355 : 142
531 : 250
922, 531 : 111
106 : 251
573 : 252
732 : 252
492 : 252
511, 492 : 113
885 : 252
522 : 253
260, 522 : 100
424, 522 : 101
424, 522, 527 : 100
198, 522 : 103
198, 522, 990 : 101
73, 522 : 103
73, 522, 527 : 100
33, 522 : 103
522, 527 : 105
402, 522 : 106
194, 522 : 114
522, 990 : 139
727 : 253
727, 798 : 105
727, 798, 541 : 101
727, 111 : 105
727, 111, 44 : 100
727, 541, 111, 44 : 100
727, 111, 541 : 102
727, 495 : 107
727, 55 : 109
727, 44, 55 : 104
727, 541, 44, 55 : 104
727, 541, 55 : 107
727, 369 : 111
727, 541, 369 : 105
727, 44 : 116
727, 44, 541 : 112
727, 541 : 168
296 : 254
976 : 254
142 : 255
818 : 256
818, 350 : 104
346 : 257
339 : 257
269 : 257
113, 269 : 105
733 : 258
954 : 258
858, 954 : 108
929 : 258
942 : 258
973 : 258
367 : 259
353 : 260
672 : 261
736 : 263
751 : 264
581 : 264
900 : 265
900, 770 : 102
271 : 266
916 : 266
750 : 267
420, 750 : 117
224 : 267
224, 598 : 103
316 : 269
570, 316 : 100
845, 316 : 102
101, 316 : 107
101, 562, 316 : 101
101, 527, 316 : 102
101, 218, 316 : 104
562, 316 : 112
562, 218, 316 : 100
562, 527, 316 : 104
218, 316 : 123
218, 527, 316 : 108
884, 316 : 123
420, 316 : 133
527, 316 : 171
362 : 271
204 : 271
156 : 271
625 : 272
202 : 272
129 : 272
713 : 274
961 : 274
957, 961 : 101
795 : 274
830, 795 : 125
778 : 275
778, 603 : 117
743 : 275
409 : 278
776, 409 : 101
278 : 280
146, 278 : 100
508 : 284
660 : 288
741 : 289
741, 586 : 107
76, 741, 586 : 101
76, 776, 741, 586 : 101
776, 741, 586 : 103
693, 741 : 111
76, 741 : 112
76, 776, 741 : 102
776, 741 : 119
423 : 290
612 : 292
205, 612 : 105
275 : 293
879 : 293
431 : 293
923 : 293
761 : 295
518 : 297
478, 518 : 102
518, 947 : 102
518, 947, 439 : 100
518, 439 : 132
911 : 297
5 : 299
101 : 300
101, 570 : 101
101, 845 : 107
101, 562, 845 : 100
101, 845, 527 : 100
101, 218, 845 : 102
101, 420 : 108
101, 562 : 115
101, 562, 527 : 103
101, 218, 562 : 104
101, 527 : 150
101, 218, 527 : 111
101, 218 : 160
708 : 301
723, 708 : 123
472 : 302
420, 472 : 108
666 : 303
666, 309 : 112
570 : 303
570, 527 : 100
570, 845 : 102
562, 570 : 109
218, 570 : 127
131 : 303
311 : 306
182 : 306
139 : 306
139, 378 : 104
139, 530 : 106
652 : 307
652, 230 : 102
146, 652 : 114
286 : 307
9, 286 : 110
794 : 309
868 : 309
674 : 310
674, 922 : 102
674, 144 : 105
674, 693 : 111
690 : 310
901 : 310
291 : 314
291, 526 : 100
922, 291 : 100
144, 291 : 102
56, 291 : 102
693, 291 : 110
780 : 315
898, 780 : 165
169 : 316
160 : 318
235 : 319
723, 235 : 105
830, 235 : 138
301 : 319
301, 511 : 132
621 : 321
6 : 321
6, 404 : 100
6, 530 : 109
584 : 322
805 : 323
815 : 323
551 : 323
218, 551 : 119
772 : 324
404 : 324
404, 530 : 132
506 : 327
506, 530 : 115
505 : 328
475 : 329
194 : 329
578, 194 : 103
842, 194 : 104
260, 194 : 104
198, 260, 194 : 100
198, 260, 194, 990 : 100
260, 194, 990 : 101
424, 194 : 105
424, 198, 194 : 100
424, 73, 194 : 100
424, 73, 198, 194 : 100
424, 194, 990 : 100
424, 73, 194, 990 : 100
424, 198, 194, 990 : 100
194, 424, 990, 73, 198 : 100
424, 194, 527 : 100
424, 990, 194, 527 : 100
424, 73, 194, 527 : 100
424, 990, 73, 194, 527 : 100
424, 198, 194, 527 : 100
194, 424, 73, 198, 527 : 100
194, 424, 990, 198, 527 : 100
194, 424, 990, 73, 198, 527 : 100
33, 424, 194 : 100
198, 194 : 106
33, 198, 194 : 100
33, 198, 194, 527 : 100
33, 198, 194, 73 : 100
194, 33, 73, 198, 527 : 100
33, 198, 194, 990 : 100
194, 990, 33, 73, 198 : 100
194, 990, 33, 198, 527 : 100
194, 990, 33, 73, 198, 527 : 100
73, 198, 194 : 101
73, 198, 194, 990 : 101
198, 194, 527 : 101
73, 198, 194, 527 : 101
198, 990, 194, 527 : 101
194, 990, 73, 198, 527 : 101
402, 198, 194 : 101
402, 198, 194, 527 : 100
402, 194, 990, 198, 527 : 100
402, 198, 194, 73 : 100
402, 194, 73, 198, 527 : 100
402, 194, 990, 73, 198 : 100
402, 194, 990, 73, 198, 527 : 100
402, 198, 194, 990 : 101
198, 194, 990 : 104
73, 194 : 108
73, 194, 990 : 101
33, 73, 194, 990 : 100
402, 73, 194, 990 : 100
73, 194, 527 : 101
33, 73, 194, 527 : 100
990, 33, 73, 194, 527 : 100
402, 73, 194, 527 : 100
402, 990, 73, 194, 527 : 100
73, 990, 194, 527 : 101
33, 73, 194 : 102
402, 73, 194 : 103
194, 990 : 114
33, 194, 990 : 100
33, 527, 194, 990 : 100
527, 194, 990 : 101
402, 527, 194, 990 : 100
402, 194, 990 : 103
194, 527 : 114
33, 194, 527 : 100
402, 194, 527 : 100
402, 194 : 116
402, 33, 194 : 101
33, 194 : 142
993 : 332
776, 993 : 112
526 : 332
349, 526 : 102
693, 526 : 110
126 : 332
105 : 334
693, 105 : 117
530, 105 : 135
804 : 336
634 : 336
634, 116 : 120
74, 634 : 141
826 : 338
629 : 339
844 : 339
844, 146 : 101
650 : 341
146, 650 : 101
562, 650 : 122
830, 650 : 150
54 : 341
424 : 343
842, 424 : 100
578, 424 : 103
578, 198, 424 : 100
578, 424, 990 : 100
578, 198, 424, 990 : 100
260, 424 : 104
198, 424 : 107
198, 424, 527 : 100
198, 990, 424, 527 : 100
73, 198, 424 : 100
73, 198, 424, 527 : 100
73, 198, 424, 990 : 100
424, 990, 73, 198, 527 : 100
33, 198, 424 : 101
33, 198, 424, 990 : 100
198, 424, 990 : 102
424, 527 : 109
990, 424, 527 : 101
73, 990, 424, 527 : 100
73, 424, 527 : 102
33, 424, 527 : 102
73, 424 : 113
73, 424, 990 : 102
33, 73, 424 : 102
402, 73, 424 : 104
402, 424 : 131
402, 424, 990 : 100
402, 33, 424 : 100
424, 990 : 133
33, 424, 990 : 103
33, 424 : 155
524 : 344
770 : 345
770, 938 : 102
770, 721 : 132
317 : 346
317, 580 : 101
16, 317 : 106
922, 317 : 108
317, 471 : 112
317, 796, 471 : 100
317, 796 : 114
193 : 346
193, 420 : 103
193, 721 : 142
640 : 347
754 : 347
776, 754 : 120
820 : 348
820, 530 : 107
512 : 349
528 : 351
528, 886 : 103
574 : 351
796, 574 : 103
562, 574 : 114
574, 369 : 115
989 : 351
11 : 351
11, 721 : 101
11, 915 : 102
11, 957 : 110
347 : 352
218, 347 : 111
347, 369 : 115
999 : 352
642 : 354
642, 264 : 132
468, 642, 264 : 127
468, 642, 662, 264 : 125
830, 642, 468, 662, 264 : 124
468, 801, 642, 264 : 125
642, 264, 468, 662, 801 : 123
830, 642, 264, 468, 662, 801 : 122
830, 642, 264, 468, 801 : 124
468, 830, 642, 264 : 126
642, 264, 47 : 127
468, 642, 264, 47 : 124
801, 642, 468, 264, 47 : 122
801, 642, 830, 468, 264, 47 : 121
642, 468, 662, 264, 47 : 122
801, 642, 468, 662, 264, 47 : 120
801, 642, 830, 468, 662, 264, 47 : 119
830, 642, 468, 662, 264, 47 : 121
830, 642, 468, 264, 47 : 123
642, 662, 264, 47 : 125
830, 642, 662, 264, 47 : 124
801, 642, 264, 47 : 125
642, 264, 662, 801, 47 : 123
830, 642, 264, 662, 801, 47 : 122
830, 642, 264, 801, 47 : 124
830, 642, 264, 47 : 126
801, 642, 264 : 128
801, 642, 264, 830 : 127
642, 662, 264 : 128
801, 642, 662, 264 : 126
830, 642, 264, 662, 801 : 125
830, 642, 662, 264 : 127
830, 642, 264 : 129
468, 642 : 136
468, 642, 801 : 128
468, 642, 801, 47 : 125
830, 642, 468, 801, 47 : 123
642, 468, 662, 801, 47 : 123
830, 642, 468, 662, 801, 47 : 121
468, 642, 662, 801 : 126
468, 830, 642, 801 : 126
830, 642, 468, 662, 801 : 124
468, 642, 47 : 129
468, 642, 662, 47 : 126
468, 830, 642, 47 : 126
830, 642, 468, 662, 47 : 124
468, 642, 662 : 130
468, 830, 642, 662 : 128
468, 830, 642 : 131
642, 801 : 146
830, 642, 801 : 130
830, 642, 801, 47 : 127
830, 642, 662, 801, 47 : 125
830, 642, 662, 801 : 128
642, 801, 47 : 139
642, 662, 801, 47 : 137
642, 662, 801 : 142
830, 642 : 159
830, 642, 662 : 135
830, 642, 662, 47 : 130
830, 642, 47 : 136
642, 47 : 167
642, 662, 47 : 157
642, 662 : 169
86 : 354
264 : 355
662, 264 : 139
801, 662, 264 : 132
801, 662, 264, 47 : 129
830, 264, 662, 801, 47 : 128
801, 662, 264, 830 : 131
468, 662, 264 : 132
468, 801, 662, 264 : 128
830, 264, 468, 662, 801 : 127
468, 662, 264, 47 : 128
801, 468, 662, 264, 47 : 125
801, 830, 468, 662, 264, 47 : 124
830, 468, 662, 264, 47 : 127
468, 830, 662, 264 : 130
662, 264, 47 : 132
830, 662, 264, 47 : 131
830, 662, 264 : 134
264, 47 : 139
468, 264, 47 : 131
468, 801, 264, 47 : 128
830, 264, 468, 801, 47 : 127
468, 830, 264, 47 : 130
801, 264, 47 : 133
801, 264, 47, 830 : 131
830, 264, 47 : 135
801, 264 : 140
468, 801, 264 : 131
468, 801, 264, 830 : 130
801, 264, 830 : 135
468, 264 : 142
468, 830, 264 : 134
830, 264 : 151
679 : 355
218, 679 : 120
322 : 355
957, 322 : 108
26 : 355
163 : 356
117, 163 : 101
163, 884 : 129
639 : 359
992 : 360
406 : 360
406, 355 : 105
406, 530 : 107
806 : 360
664, 806 : 108
59 : 360
59, 28 : 108
753, 59 : 109
280, 59 : 145
856 : 362
856, 938 : 101
856, 664 : 126
856, 957 : 163
702 : 362
702, 369 : 110
702, 530 : 137
578 : 362
439, 578 : 100
842, 578 : 101
260, 578 : 105
578, 990 : 107
73, 578, 990 : 100
198, 578, 990 : 101
402, 578 : 109
33, 578 : 109
33, 73, 578 : 100
578, 527 : 115
73, 578, 527 : 100
198, 578, 527 : 101
198, 578 : 122
73, 198, 578 : 100
73, 578 : 126
510 : 363
369, 510 : 104
555 : 363
305 : 363
218, 305 : 112
934 : 364
934, 52 : 119
915, 934 : 127
469 : 365
441 : 365
218, 441 : 104
914 : 366
776, 914 : 102
388 : 368
29 : 368
350, 29 : 107
957, 29 : 113
450 : 369
450, 230 : 118
664, 450, 230 : 107
957, 664, 450, 230 : 103
664, 957, 450, 230, 284 : 102
664, 450, 284, 230 : 105
450, 284, 230 : 108
957, 450, 230 : 108
957, 450, 284, 230 : 104
664, 450 : 129
957, 664, 450 : 111
957, 664, 450, 284 : 106
664, 450, 284 : 113
450, 284 : 131
957, 450, 284 : 111
957, 450 : 152
745 : 369
693, 745 : 103
745, 369 : 103
723, 745 : 105
938, 745 : 105
721, 745 : 128
181 : 371
721, 181 : 102
723, 181 : 108
830, 181 : 167
603 : 373
603, 382 : 127
603, 369 : 128
858 : 375
218, 858 : 111
630 : 375
630, 554 : 102
630, 633 : 106
630, 523 : 107
630, 938 : 107
630, 172 : 136
630, 56, 172 : 100
630, 56 : 157
144 : 378
123, 144 : 101
144, 933 : 106
922, 144 : 110
144, 349 : 114
693, 144 : 138
112 : 379
957, 112 : 115
948, 112 : 124
711 : 380
711, 983 : 110
33, 711 : 117
79 : 380
79, 542 : 103
79, 116 : 108
957, 79 : 118
79, 369 : 121
554 : 382
554, 990 : 100
554, 178 : 101
554, 633 : 103
554, 172 : 103
554, 141 : 105
554, 598 : 110
56, 554 : 115
218, 554 : 134
606 : 382
606, 530 : 108
753, 606 : 109
280, 606 : 167
785 : 383
530, 785 : 118
514 : 386
514, 369 : 116
514, 530 : 130
875 : 386
83 : 386
146, 83 : 144
633 : 387
56, 633 : 105
664, 633 : 106
523, 633 : 106
172, 633 : 113
767, 633 : 116
352 : 388
352, 369 : 127
821 : 388
218, 821 : 110
821, 39 : 110
830, 821 : 117
393 : 392
950, 393 : 113
950, 393, 723 : 100
950, 393, 739 : 101
950, 439, 393 : 102
739, 393 : 114
739, 393, 723 : 101
739, 439, 393 : 104
393, 723 : 116
439, 393, 723 : 104
439, 393 : 133
601 : 393
601, 420 : 102
601, 938 : 108
601, 281 : 129
568 : 394
461, 568 : 106
530, 568 : 114
218, 568 : 122
877 : 395
877, 369 : 110
813, 877 : 121
575 : 395
575, 355 : 102
575, 695 : 106
276 : 395
276, 369 : 101
957, 276 : 109
3 : 397
3, 767 : 101
3, 363 : 102
3, 776 : 119
3, 284 : 126
217 : 398
178, 217 : 105
218, 217 : 133
141, 217 : 154
155 : 398
155, 830 : 112
340 : 401
350, 340 : 105
340, 32 : 111
693, 340 : 119
490, 340 : 130
776, 340 : 162
951 : 404
683, 951 : 103
439, 951 : 132
586 : 404
490, 586 : 110
76, 586 : 112
776, 76, 586 : 103
776, 586 : 128
693, 586 : 157
579 : 407
635 : 408
635, 146 : 108
488 : 411
488, 957 : 100
488, 369 : 104
641 : 413
284, 641 : 123
363, 641 : 125
658 : 414
562, 658 : 100
658, 582 : 101
658, 683 : 105
813 : 415
813, 382 : 107
813, 541 : 108
178, 813 : 108
872 : 415
94 : 415
957, 94 : 103
688 : 417
687 : 418
687, 664 : 100
687, 230 : 102
687, 683 : 103
687, 284 : 105
950, 687 : 109
687, 957 : 109
198 : 419
198, 369 : 106
402, 198 : 107
402, 73, 198 : 100
402, 73, 198, 990 : 100
402, 198, 527 : 100
402, 73, 198, 527 : 100
402, 990, 198, 527 : 100
402, 990, 73, 198, 527 : 100
402, 198, 990 : 101
73, 198 : 110
73, 198, 527 : 101
73, 990, 198, 527 : 101
33, 73, 198 : 101
33, 73, 198, 527 : 100
33, 73, 198, 990 : 100
990, 33, 73, 198, 527 : 100
73, 198, 990 : 103
198, 527 : 113
260, 198, 527 : 101
990, 260, 198, 527 : 100
33, 198, 527 : 101
33, 990, 198, 527 : 100
990, 198, 527 : 104
33, 198 : 114
33, 260, 198 : 100
33, 260, 198, 990 : 100
33, 842, 198 : 100
33, 842, 198, 990 : 100
33, 198, 990 : 105
511, 198 : 132
260, 198 : 173
842, 260, 198 : 161
842, 260, 198, 990 : 161
260, 198, 990 : 167
842, 198 : 174
842, 198, 990 : 166
198, 990 : 197
968 : 420
968, 776 : 104
46 : 420
46, 830 : 106
28 : 422
205, 28 : 111
582 : 424
582, 146 : 101
582, 739 : 104
439, 582 : 105
582, 632 : 113
582, 230, 632 : 101
582, 683 : 115
582, 230 : 125
218, 582 : 133
888 : 424
915, 888 : 119
33, 888 : 125
391 : 430
391, 355 : 107
530, 391 : 114
391, 369 : 115
123 : 431
123, 349 : 103
562, 123 : 107
123, 947 : 110
693, 123 : 115
123, 369 : 123
933 : 432
922, 933 : 105
693, 933 : 146
133 : 433
218, 133 : 113
896, 133 : 139
98 : 437
218, 98 : 112
497, 98 : 121
349 : 438
922, 349 : 102
693, 349 : 124
580 : 438
580, 176 : 107
580, 471 : 113
922, 580, 471 : 100
922, 580, 796, 471 : 100
16, 580, 471 : 100
16, 580, 796, 471 : 100
580, 796, 471 : 108
16, 580 : 129
16, 580, 796 : 121
922, 580 : 130
922, 580, 796 : 102
580, 796 : 161
323 : 445
323, 369 : 104
363, 323 : 117
891 : 446
618 : 449
420, 618 : 103
473, 618 : 106
618, 530 : 115
830, 618 : 123
827 : 451
827, 152 : 100
693, 827 : 100
827, 683 : 102
439, 827 : 104
827, 896 : 106
237, 827 : 112
827, 530 : 126
619 : 461
949 : 463
949, 369 : 101
949, 938 : 101
16 : 464
16, 146 : 111
16, 922 : 111
16, 796, 922 : 102
16, 230 : 117
16, 218 : 118
16, 471 : 126
16, 796, 471 : 112
16, 796 : 210
320 : 471
707, 320 : 109
320, 9 : 110
615, 320 : 133
776, 320 : 139
320, 530 : 139
982 : 472
982, 723 : 131
439, 982, 723 : 106
439, 982 : 181
412 : 472
412, 723 : 103
412, 830 : 103
562, 412 : 121
58 : 474
58, 420 : 106
58, 176 : 138
414 : 475
562, 414 : 101
414, 22 : 101
414, 530 : 108
414, 280 : 111
414, 369 : 132
130 : 477
130, 767 : 100
130, 920 : 103
130, 481 : 107
130, 369 : 115
693, 130 : 139
894 : 480
369, 894 : 121
530, 894 : 139
49 : 480
49, 957 : 100
49, 632 : 104
49, 369 : 109
49, 176 : 113
49, 280 : 117
985 : 481
369, 985 : 100
33, 985 : 147
267 : 482
898, 267 : 108
834 : 482
834, 176 : 105
834, 664 : 114
834, 284 : 119
834, 896 : 144
834, 957 : 208
953 : 484
953, 889 : 123
953, 369 : 132
218, 953 : 139
497 : 484
497, 74 : 115
497, 284 : 126
497, 113 : 141
218, 497 : 184
845 : 486
146, 845 : 104
845, 542 : 105
845, 527 : 112
420, 845 : 120
562, 845 : 150
562, 218, 845 : 100
218, 845 : 171
739 : 487
739, 767 : 105
146, 739 : 106
739, 284 : 107
950, 739 : 110
950, 739, 723 : 100
950, 439, 739 : 101
218, 739 : 120
739, 723 : 139
439, 739, 723 : 117
439, 739 : 174
737 : 493
737, 530 : 110
737, 369 : 110
796, 737 : 116
737, 355 : 117
348 : 493
382, 348 : 102
685, 348 : 115
884, 348 : 115
896, 348 : 116
511, 348 : 120
530, 348 : 123
693, 348 : 129
218, 348 : 137
344 : 496
295, 344 : 101
344, 776 : 105
344, 957 : 105
344, 176 : 106
344, 915 : 110
344, 280 : 120
344, 632 : 130
675 : 498
863, 675 : 102
481, 675 : 102
511, 675 : 109
197, 675 : 117
896, 675 : 122
830, 675 : 133
40 : 498
218, 40 : 100
40, 369 : 104
721, 40 : 136
594 : 500
206, 594 : 103
369, 594 : 104
218, 594 : 119
786 : 500
786, 378 : 100
218, 786 : 138
335 : 502
335, 56 : 108
335, 767 : 122
335, 284 : 133
335, 374 : 142
335, 776 : 150
327 : 504
327, 369 : 114
374 : 506
374, 767 : 107
56, 374 : 107
117 : 506
764, 117 : 106
117, 9 : 110
218, 117 : 111
117, 355 : 119
47 : 510
801, 47 : 175
468, 801, 47 : 132
468, 662, 801, 47 : 128
830, 468, 662, 801, 47 : 126
468, 830, 801, 47 : 129
830, 801, 47 : 139
830, 662, 801, 47 : 133
662, 801, 47 : 155
468, 47 : 182
468, 662, 47 : 132
468, 830, 662, 47 : 130
468, 830, 47 : 163
662, 47 : 183
830, 662, 47 : 142
830, 47 : 228
428 : 511
562, 428 : 103
428, 355 : 107
830, 428 : 113
428, 530 : 119
764 : 511
664, 764 : 111
677 : 513
677, 172 : 108
146, 677 : 111
677, 369 : 112
693, 677 : 141
76 : 513
76, 938 : 116
76, 530 : 126
693, 76 : 129
218, 76 : 141
776, 76 : 155
830, 76 : 163
842 : 515
842, 71 : 100
842, 898 : 101
842, 162 : 105
842, 527 : 109
842, 355 : 110
842, 511 : 110
33, 842 : 112
33, 842, 73 : 100
33, 842, 990 : 100
402, 842 : 118
842, 369 : 152
842, 73 : 167
842, 73, 990 : 102
842, 260 : 171
842, 260, 990 : 162
842, 990 : 182
950 : 519
950, 530 : 126
950, 723 : 146
950, 439 : 146
950, 439, 723 : 103
297 : 521
693, 297 : 101
615, 297 : 102
473, 297 : 115
830, 297 : 121
420, 297 : 132
659 : 525
659, 796 : 100
830, 659 : 104
439, 659 : 105
659, 598 : 111
659, 369 : 180
172 : 525
530, 172 : 109
56, 172 : 115
284, 172 : 126
693, 172 : 129
369, 172 : 135
523, 172 : 181
243 : 527
243, 72 : 100
243, 511 : 102
243, 767 : 110
243, 938 : 124
243, 530 : 128
599 : 530
599, 369 : 105
599, 363 : 115
439, 599 : 126
967, 599 : 132
218, 599 : 137
228 : 531
228, 796 : 102
218, 228 : 103
228, 549 : 103
562, 228 : 109
228, 896 : 116
228, 178 : 138
260 : 535
71, 260 : 104
9, 260 : 107
511, 260 : 108
73, 260 : 112
33, 260 : 114
33, 260, 990 : 102
260, 141 : 124
402, 260 : 127
260, 527 : 151
990, 260, 527 : 102
260, 990 : 193
208 : 535
511, 208 : 102
495, 208 : 102
577, 208 : 108
208, 369 : 112
886 : 538
886, 369 : 107
886, 830 : 121
70 : 538
70, 363 : 103
693, 70 : 115
70, 767 : 119
70, 369 : 132
70, 141 : 201
983 : 541
363, 983 : 103
957, 983 : 106
830, 983 : 110
721, 983 : 114
33, 983 : 116
767, 983 : 135
478 : 544
478, 947 : 118
478, 439, 947 : 100
478, 369 : 123
478, 439 : 145
793 : 544
280, 793 : 100
478, 793 : 108
947, 793 : 114
439, 793 : 135
793, 369 : 152
295 : 547
295, 162 : 100
295, 530 : 107
295, 176 : 107
295, 369 : 110
295, 884 : 111
295, 759 : 121
295, 280 : 131
295, 632 : 142
789 : 548
789, 615 : 100
789, 721 : 102
789, 176 : 104
789, 530 : 105
789, 938 : 105
789, 957 : 106
810, 789 : 106
789, 511 : 114
562, 789 : 115
789, 280 : 119
184, 789 : 119
789, 683 : 127
789, 369 : 127
654 : 549
654, 369 : 103
237, 654 : 107
654, 530 : 112
523, 654 : 120
654, 723 : 161
527 : 549
527, 884 : 102
73, 527 : 115
402, 73, 527 : 100
402, 73, 527, 990 : 100
73, 527, 990 : 101
33, 73, 527 : 101
33, 73, 527, 990 : 100
402, 527 : 116
402, 527, 990 : 100
402, 33, 527 : 100
527, 990 : 120
33, 527, 990 : 102
562, 527 : 124
562, 218, 527 : 104
33, 527 : 124
420, 527 : 126
218, 527 : 168
197 : 554
197, 723 : 117
197, 577 : 121
197, 530 : 172
810 : 557
184, 810 : 100
810, 855 : 100
810, 530 : 105
863, 810 : 106
810, 830 : 107
810, 683 : 125
562, 810 : 127
810, 369 : 134
607 : 562
184, 607 : 100
511, 607 : 109
199, 607 : 112
957, 607 : 113
767, 607 : 122
369, 607 : 134
218, 607 : 142
113 : 563
113, 511 : 106
113, 369 : 114
113, 141 : 122
113, 530 : 124
830, 113 : 139
218, 113 : 175
783 : 566
783, 767 : 101
783, 146 : 102
783, 511 : 105
830, 783 : 113
783, 369 : 120
783, 206 : 127
577 : 567
577, 205 : 101
577, 420 : 104
577, 369 : 106
577, 280 : 112
577, 530 : 120
577, 378 : 128
577, 277 : 128
577, 723, 277 : 115
577, 723 : 154
119 : 570
119, 55 : 100
119, 541 : 121
119, 511 : 125
119, 896 : 129
119, 530 : 191
948 : 572
948, 44 : 107
915, 948 : 108
549, 948 : 108
378, 948 : 111
52, 948 : 114
948, 369 : 120
948, 32 : 158
957, 948 : 173
759 : 574
830, 759 : 103
218, 759 : 114
759, 355 : 122
693, 759 : 143
759, 369 : 162
473 : 575
473, 451 : 102
473, 490 : 105
473, 615 : 118
473, 598 : 120
473, 205 : 124
473, 495 : 126
473, 420 : 150
779 : 579
199, 779 : 100
779, 369 : 115
779, 990 : 117
779, 44 : 119
309, 779 : 127
511, 779 : 133
779, 530 : 143
218, 779 : 185
549 : 581
549, 490 : 102
549, 52 : 103
549, 284 : 105
439, 549 : 108
218, 549 : 115
549, 957 : 120
830, 549 : 125
549, 767 : 138
549, 280 : 152
281 : 583
887, 281 : 102
723, 281 : 103
439, 281 : 104
369, 281 : 109
938, 281 : 153
898 : 584
402, 898 : 100
898, 767 : 100
830, 898 : 101
898, 887 : 103
898, 71 : 103
898, 530 : 108
898, 355 : 112
898, 990 : 114
898, 369 : 119
511, 898 : 121
898, 420 : 128
898, 141 : 138
945 : 585
830, 945 : 100
945, 799 : 103
73, 945 : 107
39, 945 : 108
420, 945 : 120
790, 945 : 122
218, 945 : 126
957, 945 : 156
945, 530 : 180
378 : 588
378, 280 : 110
378, 52 : 110
205, 378 : 117
378, 723 : 118
378, 530 : 134
922 : 589
922, 664 : 112
922, 461 : 113
922, 471 : 118
922, 796, 471 : 102
922, 957 : 132
922, 721 : 134
922, 796 : 142
922, 693 : 163
707 : 590
707, 511 : 103
707, 776 : 107
707, 884 : 109
707, 530 : 119
707, 369 : 142
855 : 591
490, 855 : 101
664, 855 : 115
530, 855 : 116
369, 855 : 118
683, 855 : 144
695 : 594
277, 695 : 100
693, 695 : 103
530, 695 : 103
598, 695 : 104
71, 695 : 104
468, 695 : 104
511, 695 : 118
176, 695 : 120
141, 695 : 121
9, 695 : 126
355, 695 : 130
420, 695 : 130
32 : 597
162, 32 : 100
863, 32 : 114
915, 32 : 117
662, 32 : 119
363, 32 : 119
284, 32 : 122
723, 32 : 123
218, 32 : 125
350, 32 : 129
957, 32 : 151
121 : 602
776, 121 : 101
56, 121 : 103
121, 530 : 105
363, 121 : 107
439, 121 : 126
218, 121 : 128
539, 121 : 128
121, 767 : 143
121, 369 : 147
13 : 602
683, 13 : 104
723, 13 : 105
884, 13 : 107
830, 13 : 110
767, 13 : 121
363, 13 : 127
369, 13 : 134
218, 13 : 151
887 : 608
896, 887 : 111
915, 887 : 114
887, 920 : 114
830, 887 : 127
887, 355 : 132
420, 887 : 133
887, 530 : 145
863, 887 : 151
747 : 609
938, 747 : 105
632, 747 : 116
747, 884 : 133
747, 369 : 137
22 : 609
693, 22 : 101
776, 22 : 106
218, 22 : 107
947, 22 : 116
22, 280 : 119
22, 767 : 128
22, 284 : 131
22, 957 : 144
22, 369 : 154
562, 22 : 165
920 : 612
920, 355 : 101
218, 920 : 103
562, 920 : 105
957, 920 : 113
920, 141 : 114
530, 920 : 174
676 : 618
676, 355 : 108
830, 676 : 128
676, 369 : 128
676, 530 : 136
218, 676 : 143
676, 461 : 145
420, 676, 461 : 106
420, 676 : 158
799 : 619
721, 799 : 105
830, 799 : 106
420, 799 : 111
39, 799 : 112
541, 799 : 113
530, 799 : 114
55, 799 : 116
218, 799 : 122
495, 799 : 123
798, 799 : 123
44, 799 : 127
111, 799 : 153
369, 111, 799 : 105
178, 799 : 167
863, 799 : 181
369, 799 : 196
351 : 633
351, 541 : 100
218, 351 : 102
351, 206 : 104
351, 798 : 115
351, 369 : 122
351, 723 : 126
309 : 634
957, 309 : 100
218, 309 : 115
309, 369 : 195
52 : 634
915, 52 : 102
511, 52 : 106
363, 52 : 108
52, 44 : 123
280, 52 : 124
52, 369 : 138
957, 52 : 149
523 : 638
523, 884 : 106
56, 523 : 110
218, 523 : 121
664, 523 : 127
523, 530 : 138
523, 369 : 143
523, 938 : 158
693, 523 : 192
162 : 641
162, 355 : 100
162, 990 : 100
350, 162 : 101
111, 162 : 103
938, 162 : 104
662, 162 : 106
511, 162 : 108
71, 162 : 111
218, 162 : 114
796, 162 : 117
957, 162 : 135
162, 369 : 145
9, 162 : 155
162, 141 : 158
39 : 642
790, 39 : 100
146, 39 : 101
39, 369 : 106
420, 39 : 135
830, 39 : 157
39, 530 : 157
55 : 644
830, 55 : 100
915, 55 : 100
511, 55 : 101
468, 55 : 102
363, 55 : 103
111, 55 : 121
798, 111, 55 : 100
111, 55, 369 : 104
44, 111, 55, 369 : 100
55, 369, 111, 44, 541 : 100
541, 111, 55, 369 : 101
541, 111, 55 : 106
44, 111, 55 : 106
44, 541, 111, 55 : 104
495, 55 : 126
495, 541, 55 : 100
896, 55 : 132
541, 55 : 138
541, 798, 55 : 104
541, 55, 369 : 111
541, 44, 55, 369 : 102
541, 44, 55 : 114
44, 55 : 148
798, 44, 55 : 102
44, 55, 369 : 108
798, 55 : 165
798, 55, 369 : 108
55, 369 : 195
801 : 646
801, 355 : 112
801, 206 : 114
439, 801 : 117
218, 801 : 128
801, 369 : 130
468, 801 : 156
468, 830, 801 : 136
468, 830, 662, 801 : 131
468, 662, 801 : 139
957, 801 : 171
830, 801 : 225
830, 662, 801 : 146
662, 801 : 226
73 : 650
178, 73 : 100
693, 73 : 104
73, 280 : 105
73, 141 : 106
218, 73 : 112
439, 73 : 118
73, 990 : 133
402, 73, 990 : 103
402, 33, 73, 990 : 100
33, 73, 990 : 105
73, 530 : 141
402, 73 : 142
402, 33, 73 : 103
73, 369 : 145
33, 73 : 159
350 : 653
205, 350 : 100
350, 369 : 102
350, 530 : 103
683, 350 : 104
74, 350 : 135
468, 350 : 137
957, 350 : 148
218, 350 : 178
152 : 656
74, 152 : 102
152, 284 : 105
152, 796 : 106
152, 511 : 112
218, 152 : 118
685, 152 : 122
693, 152 : 139
152, 369 : 151
237, 152 : 156
152, 382 : 161
152, 530 : 166
541 : 657
363, 541 : 102
439, 541 : 113
957, 541 : 117
420, 541 : 118
530, 541 : 127
495, 541 : 130
495, 44, 541 : 105
111, 541 : 131
798, 111, 541 : 106
798, 111, 541, 369 : 100
44, 798, 111, 541 : 102
111, 541, 369 : 111
44, 111, 541, 369 : 106
44, 111, 541 : 112
798, 541 : 136
44, 798, 541 : 107
798, 541, 369 : 110
44, 541 : 148
44, 541, 369 : 112
693, 541 : 152
541, 369 : 199
990 : 660
947, 990 : 109
967, 990 : 110
280, 990 : 111
662, 990 : 113
530, 990 : 115
141, 990 : 119
71, 990 : 120
723, 990 : 126
402, 990 : 133
402, 33, 990 : 101
33, 990 : 137
355, 990 : 139
369, 990 : 152
511, 990 : 188
199 : 660
199, 481 : 102
184, 199 : 110
199, 767 : 119
218, 199 : 155
199, 530 : 172
71 : 663
44, 71 : 106
683, 71 : 107
776, 71 : 109
280, 71 : 116
9, 71 : 116
530, 71 : 117
71, 355 : 140
511, 71 : 145
111 : 664
439, 111 : 101
111, 938 : 102
111, 116 : 104
420, 111 : 112
218, 111 : 113
830, 111 : 115
495, 111 : 134
111, 44 : 138
798, 111, 44 : 105
111, 44, 369 : 115
798, 111 : 143
798, 111, 369 : 106
284, 111 : 144
683, 111 : 147
896, 111 : 154
111, 369 : 240
632 : 667
632, 141 : 101
632, 884 : 105
830, 632 : 108
146, 632 : 115
767, 632 : 119
632, 176 : 123
280, 632 : 124
218, 632 : 130
632, 369 : 134
230, 632 : 139
753 : 667
562, 753 : 101
753, 355 : 103
753, 615 : 113
753, 72 : 114
753, 767 : 125
753, 511 : 137
753, 530 : 159
753, 369 : 180
753, 280 : 211
33 : 671
33, 237 : 100
33, 369 : 102
33, 915 : 117
33, 723 : 120
33, 280 : 123
33, 218 : 128
33, 402 : 137
33, 721 : 159
790 : 675
790, 72 : 101
790, 796 : 109
790, 420 : 110
830, 790 : 116
790, 683 : 116
790, 355 : 121
790, 723 : 123
790, 284 : 128
790, 889 : 145
790, 530 : 174
439, 790 : 175
468 : 676
468, 74 : 100
468, 9 : 100
468, 796 : 101
468, 141 : 106
468, 511 : 125
468, 363 : 125
468, 355 : 129
468, 915 : 135
468, 776 : 136
468, 218 : 147
468, 662 : 161
468, 830, 662 : 142
468, 830 : 258
481 : 676
481, 511 : 107
863, 481 : 108
481, 723 : 109
830, 481 : 121
481, 767 : 123
481, 146 : 124
481, 369 : 130
481, 355 : 134
481, 919 : 141
218, 481 : 142
481, 280 : 161
402 : 678
402, 683 : 109
402, 369 : 111
402, 685 : 115
402, 218 : 128
451 : 687
511, 451 : 100
693, 451 : 101
723, 451 : 102
967, 451 : 108
830, 451 : 109
615, 451 : 115
205, 451 : 116
767, 451 : 118
206, 451 : 129
420, 451 : 140
369, 451 : 145
284, 451 : 145
539 : 698
693, 539 : 118
957, 539 : 118
615, 539 : 119
539, 461 : 119
439, 539 : 134
539, 767 : 137
539, 369 : 152
539, 530 : 178
116 : 699
683, 116 : 104
116, 355 : 107
562, 116 : 107
598, 116 : 111
284, 116 : 112
116, 369 : 112
280, 116 : 113
830, 116 : 115
957, 116 : 119
511, 116 : 123
863, 116 : 135
116, 767 : 152
947 : 700
947, 461 : 108
947, 896 : 108
562, 947 : 116
947, 355 : 117
947, 420 : 120
947, 767 : 129
218, 947 : 135
947, 369 : 160
947, 280, 369 : 100
439, 947 : 168
947, 530 : 173
947, 280 : 225
889 : 707
530, 889 : 102
280, 889 : 104
218, 889 : 112
723, 889 : 121
369, 889 : 128
683, 889 : 129
237, 889 : 150
237, 240, 889 : 111
240, 889 : 154
830, 889 : 155
662 : 709
662, 776 : 100
662, 723 : 108
662, 461 : 110
662, 957 : 119
662, 280 : 122
218, 662 : 125
662, 369 : 134
830, 662 : 245
277 : 716
957, 277 : 104
218, 277 : 109
277, 369 : 113
420, 277 : 120
562, 277 : 126
830, 277 : 127
205, 277 : 152
530, 277 : 159
723, 277 : 202
471 : 720
957, 471 : 105
284, 471 : 113
721, 471 : 116
369, 471 : 122
919, 471 : 123
530, 471 : 125
664, 471 : 128
461, 471 : 136
796, 471 : 187
56 : 727
56, 830 : 100
56, 218 : 103
56, 511 : 104
56, 938 : 106
56, 776 : 112
56, 957 : 118
56, 562 : 135
56, 369 : 147
56, 284 : 153
56, 363 : 179
56, 767 : 207
44 : 730
44, 355 : 109
44, 767 : 114
439, 44 : 118
44, 530 : 121
615, 44 : 129
967, 44 : 132
511, 44 : 140
798, 44 : 187
798, 44, 369 : 111
495, 44 : 195
44, 369 : 217
240 : 732
511, 240 : 105
420, 240 : 109
284, 240 : 110
240, 530 : 115
240, 938 : 120
218, 240 : 123
240, 369 : 126
9, 240 : 126
957, 240 : 128
240, 176 : 136
237, 240 : 138
723, 240 : 145
796, 240 : 156
439, 240 : 174
542 : 734
530, 542 : 103
218, 542 : 103
542, 369 : 106
798, 542 : 106
938, 542 : 110
767, 542 : 119
896, 542 : 120
74, 542 : 125
830, 542 : 126
439, 542 : 133
957, 542 : 140
72 : 746
562, 72 : 102
967, 72 : 103
830, 72 : 107
439, 72 : 111
280, 72 : 114
957, 72 : 117
767, 72 : 126
490, 72 : 132
685, 72 : 145
530, 72 : 152
511, 72 : 161
369, 72 : 172
355, 72 : 174
74 : 747
74, 284 : 103
74, 767 : 104
237, 74 : 112
74, 369 : 113
685, 74 : 113
830, 74 : 117
74, 382 : 121
74, 664 : 122
439, 74 : 124
74, 530 : 145
693, 74 : 158
218, 74 : 225
230 : 756
230, 767 : 102
230, 355 : 103
721, 230 : 105
230, 141 : 105
830, 230 : 113
693, 230 : 131
230, 530 : 137
230, 369 : 140
146, 230 : 142
218, 230 : 155
664, 230 : 173
957, 664, 230 : 109
957, 664, 230, 284 : 106
664, 230, 284 : 119
957, 230 : 192
957, 230, 284 : 120
230, 284 : 213
919 : 758
721, 919 : 101
919, 723 : 105
146, 919 : 105
919, 767 : 111
919, 938 : 122
957, 919 : 128
919, 369 : 138
218, 919 : 147
176 : 760
284, 176 : 102
511, 176 : 104
796, 176 : 105
723, 176 : 122
420, 176 : 124
830, 176 : 126
439, 176 : 131
369, 176 : 135
957, 176 : 140
280, 176 : 147
146, 176 : 182
530, 176 : 188
237 : 773
237, 511 : 122
830, 237 : 125
237, 721 : 126
237, 767 : 127
685, 237 : 129
218, 237 : 133
237, 723 : 138
178, 237 : 144
237, 382 : 153
693, 237 : 167
237, 530 : 180
685 : 776
685, 830 : 103
685, 798 : 104
685, 938 : 106
685, 382 : 107
685, 767 : 108
685, 598 : 115
685, 146 : 119
685, 9 : 123
685, 369 : 154
218, 685 : 176
685, 693 : 188
685, 530 : 189
798 : 777
798, 141 : 100
664, 798 : 100
284, 798 : 102
798, 355 : 111
683, 798 : 114
957, 798 : 115
495, 798 : 126
218, 798 : 132
420, 798 : 140
798, 369 : 241
967 : 778
967, 490 : 105
967, 284 : 112
967, 355 : 115
562, 967 : 125
967, 796 : 125
967, 896 : 134
184, 967 : 136
967, 369 : 142
830, 967 : 145
967, 363 : 145
218, 967 : 162
511, 967 : 165
439, 967 : 169
967, 530 : 209
9 : 788
693, 9 : 101
896, 9 : 111
776, 9 : 115
420, 9 : 118
218, 9 : 121
9, 141 : 125
9, 355 : 132
9, 530 : 132
511, 9 : 141
9, 369 : 142
830, 9 : 147
796, 9 : 148
957, 9 : 155
184 : 798
184, 146 : 105
184, 141 : 108
184, 796 : 111
184, 721 : 117
184, 439 : 117
184, 767 : 117
184, 830 : 122
184, 205 : 127
184, 369 : 132
184, 420 : 142
184, 957 : 167
184, 562 : 217
184, 218 : 225
206 : 807
776, 206 : 100
683, 206 : 104
796, 206 : 105
562, 206 : 113
218, 206 : 121
439, 206 : 124
284, 206 : 126
830, 206 : 136
767, 206 : 146
723, 206 : 152
957, 206 : 165
369, 206 : 188
461 : 810
723, 461 : 101
382, 461 : 103
530, 461 : 104
461, 141 : 106
562, 461 : 113
280, 461 : 122
721, 461 : 126
796, 461 : 139
439, 461 : 146
218, 461 : 165
830, 461 : 182
420, 461 : 189
461, 369 : 195
178 : 817
178, 776 : 102
178, 530 : 104
863, 178 : 114
178, 382 : 114
178, 957 : 122
178, 369 : 134
178, 598 : 140
178, 141 : 177
178, 439 : 191
218, 178 : 216
495 : 820
495, 141 : 115
495, 420 : 116
495, 146 : 122
495, 615 : 136
218, 495 : 145
495, 530 : 147
495, 439 : 166
495, 776 : 177
495, 369 : 179
598 : 825
830, 598 : 101
420, 598 : 108
439, 598 : 109
957, 598 : 124
863, 598 : 132
598, 530 : 141
693, 598 : 145
598, 141 : 153
598, 369 : 174
218, 598 : 179
205 : 826
205, 369 : 101
205, 896 : 104
205, 490 : 106
205, 767 : 115
205, 615 : 115
205, 723 : 117
205, 830 : 122
205, 530 : 161
562, 205 : 188
218, 205 : 194
205, 420 : 223
382 : 831
439, 382 : 106
957, 382 : 115
796, 382 : 115
382, 141 : 117
896, 382 : 119
767, 382 : 121
382, 369 : 135
830, 382 : 157
218, 382 : 164
693, 382 : 185
693, 530, 382 : 110
530, 382 : 189
863 : 835
863, 938 : 103
863, 562 : 104
863, 721 : 104
863, 439 : 106
863, 146 : 117
863, 284 : 119
863, 355 : 119
863, 830 : 123
863, 530 : 133
863, 915 : 139
863, 957 : 140
863, 776 : 150
863, 693 : 154
863, 369 : 162
863, 420 : 164
863, 218 : 178
490 : 842
896, 490 : 106
683, 490 : 110
439, 490 : 116
490, 369 : 122
284, 490 : 125
146, 490 : 129
776, 490 : 130
957, 490 : 131
490, 530 : 135
218, 490 : 156
693, 490 : 177
664 : 844
830, 664 : 107
218, 664 : 108
664, 938 : 108
664, 723 : 109
439, 664 : 109
664, 721 : 109
664, 776 : 115
664, 767 : 130
664, 796 : 134
664, 369 : 144
664, 420 : 147
664, 530 : 169
664, 284 : 172
664, 957, 284 : 118
664, 957 : 186
693, 664 : 194
915 : 877
915, 721 : 101
830, 915 : 108
915, 938 : 110
915, 615 : 111
915, 511 : 111
915, 796 : 120
915, 776 : 123
915, 420 : 124
915, 767 : 125
915, 363 : 129
915, 957 : 133
915, 530 : 163
915, 369 : 173
218, 915 : 177
615 : 895
615, 767 : 101
615, 141 : 103
615, 721 : 108
615, 938 : 111
615, 363 : 112
693, 615 : 119
218, 615 : 120
439, 615 : 121
615, 355 : 123
830, 615 : 125
615, 776 : 133
615, 146 : 134
615, 420 : 147
615, 796 : 150
615, 511 : 157
615, 369 : 157
615, 530 : 214
884 : 920
957, 884 : 100
141, 884 : 105
830, 884 : 110
796, 884 : 110
562, 884 : 117
693, 884 : 121
767, 884 : 124
938, 884 : 124
420, 884 : 125
776, 884 : 154
369, 884 : 156
530, 884 : 165
218, 884 : 166
363 : 923
363, 530 : 101
896, 363 : 104
957, 363 : 107
280, 363 : 114
721, 363 : 115
420, 363 : 119
146, 363 : 122
511, 363 : 123
796, 363 : 127
830, 363 : 128
693, 363 : 131
723, 363 : 131
439, 363 : 134
363, 141 : 135
776, 363 : 136
363, 767 : 146
218, 363 : 151
363, 369 : 166
284, 363 : 176
796 : 989
796, 767 : 100
776, 796 : 102
796, 723 : 108
693, 796 : 115
796, 420 : 115
796, 530 : 115
796, 146 : 120
796, 957 : 138
218, 796 : 139
830, 796 : 146
796, 721 : 152
796, 284 : 163
562, 796 : 165
439, 796 : 214
796, 369 : 251
683 : 997
683, 530 : 100
683, 355 : 101
683, 420 : 104
683, 146 : 106
693, 683 : 108
562, 683 : 109
683, 957 : 114
683, 767 : 120
683, 284 : 132
218, 683 : 147
683, 369 : 164
439, 683 : 172
830, 683 : 189
683, 723 : 197
938 : 997
280, 938 : 100
439, 938 : 106
957, 938 : 109
693, 938 : 116
284, 938 : 118
511, 938 : 119
767, 938 : 123
721, 938 : 131
938, 141 : 132
218, 938 : 133
776, 938 : 134
723, 938 : 151
938, 369 : 158
830, 938 : 160
530, 938 : 183
146 : 1010
896, 146 : 113
693, 146 : 113
146, 355 : 114
439, 146 : 114
420, 146 : 115
830, 146 : 116
721, 146 : 117
146, 767 : 117
146, 284 : 119
776, 146 : 122
146, 369 : 154
146, 530 : 164
957, 146 : 170
218, 146 : 262
896 : 1018
562, 896 : 106
439, 896 : 111
896, 530 : 118
896, 141 : 139
896, 767 : 142
957, 896 : 150
420, 896 : 162
830, 896 : 179
218, 896 : 183
511, 896 : 186
896, 369 : 215
562 : 1018
562, 693 : 104
562, 776 : 104
562, 723 : 117
562, 767 : 123
562, 439 : 135
562, 355 : 138
562, 284 : 140
562, 721 : 147
562, 280 : 152
562, 530 : 155
562, 957 : 177
562, 830 : 179
562, 420 : 206
562, 218, 420 : 114
562, 369 : 225
562, 218 : 268
721 : 1023
693, 721 : 113
511, 721 : 113
218, 721 : 113
721, 767 : 123
439, 721 : 127
420, 721 : 134
721, 723 : 154
830, 721 : 154
721, 141 : 156
721, 369 : 173
957, 721 : 175
721, 530 : 177
141 : 1053
723, 141 : 117
280, 141 : 125
957, 141 : 131
693, 141 : 135
439, 141 : 138
776, 141 : 140
767, 141 : 148
355, 141 : 150
530, 141 : 177
511, 141 : 178
420, 141 : 203
830, 141 : 203
218, 141 : 217
369, 141 : 271
355 : 1057
284, 355 : 118
830, 355 : 122
693, 355 : 123
957, 355 : 142
369, 355 : 151
218, 355 : 156
280, 355 : 156
776, 355 : 166
723, 355 : 167
420, 355 : 167
767, 355 : 187
439, 355 : 219
511, 355 : 227
530, 355 : 285
280 : 1110
693, 280 : 111
280, 284 : 114
957, 280 : 115
511, 280 : 131
776, 280 : 135
830, 280 : 139
280, 723 : 154
280, 530 : 160
218, 280 : 187
420, 280 : 187
280, 767 : 191
439, 280 : 193
280, 369 : 234
776 : 1123
776, 723 : 108
776, 957 : 112
511, 776 : 112
439, 776 : 117
776, 530 : 138
776, 420 : 138
776, 767 : 155
776, 284 : 167
830, 776 : 175
693, 776 : 203
218, 776 : 204
776, 369 : 239
284 : 1138
284, 530 : 125
693, 284 : 149
420, 284 : 153
511, 284 : 161
723, 284 : 172
284, 767 : 174
439, 284 : 178
284, 369 : 208
830, 284 : 209
218, 284 : 234
957, 284 : 238
511 : 1146
511, 723 : 109
511, 957 : 118
439, 511 : 129
511, 420 : 141
693, 511 : 159
511, 369 : 163
511, 767 : 171
218, 511 : 178
830, 511 : 204
511, 530 : 242
767 : 1232
957, 767 : 130
420, 767 : 139
723, 767 : 142
830, 767 : 155
767, 369 : 168
439, 767 : 170
693, 767 : 194
530, 767 : 212
218, 767 : 228
723 : 1233
420, 723 : 123
693, 723 : 144
218, 723 : 192
957, 723 : 194
723, 530 : 203
723, 369 : 233
830, 723 : 235
439, 723 : 268
693 : 1269
693, 420 : 135
693, 957 : 150
693, 439 : 195
693, 830 : 204
218, 693 : 213
693, 369 : 248
693, 530 : 349
420 : 1277
420, 957 : 151
439, 420 : 178
830, 420 : 223
420, 530 : 241
420, 369 : 263
218, 420 : 296
439 : 1352
439, 530 : 174
439, 830 : 183
439, 957 : 195
218, 439 : 205
439, 369 : 227
957 : 1401
830, 957 : 157
218, 957 : 194
957, 530 : 214
957, 369 : 281
830 : 1463
218, 830 : 240
830, 530 : 247
830, 369 : 254
530 : 1647
218, 530 : 239
530, 369 : 270
218 : 1672
218, 369 : 248
369 : 1758
