|FPs| = 180
124 : 66710
124, 75 : 66398
109, 124, 75 : 66310
109, 91, 124, 75 : 66226
127, 109, 75, 124, 91 : 66226
127, 109, 124, 75 : 66310
91, 124, 75 : 66314
127, 91, 124, 75 : 66314
127, 124, 75 : 66398
109, 124 : 66622
109, 124, 91 : 66538
127, 109, 124, 91 : 66538
127, 109, 124 : 66622
124, 91 : 66626
127, 124, 91 : 66626
127, 124 : 66710
106 : 66819
19, 106 : 66302
127, 19, 106 : 66210
127, 109, 19, 106 : 66210
19, 106, 91 : 66218
109, 19, 106, 91 : 66218
109, 19, 106 : 66302
37, 106 : 66304
37, 127, 106 : 66212
37, 109, 127, 106 : 66212
37, 106, 91 : 66220
37, 109, 106, 91 : 66220
37, 109, 106 : 66304
55, 106 : 66306
127, 55, 106 : 66214
127, 55, 109, 106 : 66214
55, 106, 91 : 66222
55, 109, 106, 91 : 66222
55, 109, 106 : 66306
106, 75 : 66507
127, 106, 75 : 66415
127, 91, 106, 75 : 66331
127, 109, 106, 75, 91 : 66331
127, 109, 106, 75 : 66415
91, 106, 75 : 66423
109, 91, 106, 75 : 66423
109, 106, 75 : 66507
127, 106 : 66727
127, 106, 91 : 66643
127, 109, 106, 91 : 66643
127, 109, 106 : 66727
106, 91 : 66735
109, 106, 91 : 66735
109, 106 : 66819
88 : 66928
19, 88 : 66411
127, 19, 88 : 66319
127, 109, 19, 88 : 66231
127, 109, 19, 88, 91 : 66231
127, 19, 88, 91 : 66319
109, 19, 88 : 66323
109, 19, 88, 91 : 66323
19, 88, 91 : 66411
37, 88 : 66413
37, 127, 88 : 66321
37, 109, 127, 88 : 66233
127, 109, 37, 88, 91 : 66233
37, 127, 88, 91 : 66321
37, 109, 88 : 66325
37, 109, 88, 91 : 66325
37, 88, 91 : 66413
55, 88 : 66415
127, 55, 88 : 66323
127, 55, 109, 88 : 66235
127, 55, 109, 88, 91 : 66235
127, 55, 88, 91 : 66323
55, 109, 88 : 66327
55, 109, 88, 91 : 66327
55, 88, 91 : 66415
88, 75 : 66616
127, 88, 75 : 66524
127, 109, 88, 75 : 66436
127, 109, 75, 88, 91 : 66436
127, 91, 88, 75 : 66524
109, 88, 75 : 66528
109, 91, 88, 75 : 66528
91, 88, 75 : 66616
127, 88 : 66836
127, 109, 88 : 66748
127, 109, 88, 91 : 66748
127, 88, 91 : 66836
109, 88 : 66840
109, 88, 91 : 66840
88, 91 : 66928
19 : 67040
37, 19 : 66525
37, 19, 75 : 66213
37, 127, 19 : 66433
37, 109, 127, 19 : 66345
127, 109, 19, 37, 91 : 66261
37, 127, 19, 91 : 66349
37, 109, 19 : 66437
37, 109, 19, 91 : 66353
37, 19, 91 : 66441
55, 19 : 66527
55, 19, 75 : 66215
127, 55, 19 : 66435
127, 55, 109, 19 : 66347
127, 55, 109, 19, 91 : 66263
127, 55, 19, 91 : 66351
55, 109, 19 : 66439
55, 109, 19, 91 : 66355
55, 19, 91 : 66443
19, 75 : 66728
127, 19, 75 : 66636
127, 109, 19, 75 : 66548
127, 109, 19, 75, 91 : 66464
127, 19, 91, 75 : 66552
109, 19, 75 : 66640
109, 19, 91, 75 : 66556
19, 91, 75 : 66644
127, 19 : 66948
127, 109, 19 : 66860
127, 109, 19, 91 : 66776
127, 19, 91 : 66864
109, 19 : 66952
109, 19, 91 : 66868
19, 91 : 66956
37 : 67042
37, 55 : 66529
37, 55, 75 : 66217
37, 55, 127 : 66437
37, 55, 127, 109 : 66349
127, 55, 109, 37, 91 : 66265
37, 55, 127, 91 : 66353
37, 55, 109 : 66441
37, 55, 109, 91 : 66357
37, 55, 91 : 66445
37, 75 : 66730
37, 127, 75 : 66638
37, 109, 127, 75 : 66550
127, 109, 75, 37, 91 : 66466
37, 127, 91, 75 : 66554
37, 109, 75 : 66642
37, 109, 91, 75 : 66558
37, 91, 75 : 66646
37, 127 : 66950
37, 109, 127 : 66862
37, 109, 127, 91 : 66778
37, 127, 91 : 66866
37, 109 : 66954
37, 109, 91 : 66870
37, 91 : 66958
55 : 67044
55, 75 : 66732
127, 55, 75 : 66640
127, 55, 109, 75 : 66552
127, 55, 109, 75, 91 : 66468
127, 55, 91, 75 : 66556
55, 109, 75 : 66644
55, 109, 91, 75 : 66560
55, 91, 75 : 66648
127, 55 : 66952
127, 55, 109 : 66864
127, 55, 109, 91 : 66780
127, 55, 91 : 66868
55, 109 : 66956
55, 109, 91 : 66872
55, 91 : 66960
75 : 67245
127, 75 : 67153
127, 109, 75 : 67065
127, 109, 91, 75 : 66981
127, 91, 75 : 67069
109, 75 : 67157
109, 91, 75 : 67073
91, 75 : 67161
127 : 67465
127, 109 : 67377
127, 109, 91 : 67293
127, 91 : 67381
109 : 67469
109, 91 : 67385
91 : 67473
