|FPs| = 180
19 : 67040
37 : 67042
55 : 67044
88 : 66928
91 : 67473
106 : 66819
109 : 67469
124 : 66710
127 : 67465
75 : 67245
19 37 : 66525
19 55 : 66527
19 88 : 66411
19 91 : 66956
19 106 : 66302
19 109 : 66952
19 127 : 66948
19 75 : 66728
37 55 : 66529
37 88 : 66413
37 91 : 66958
37 106 : 66304
37 109 : 66954
37 127 : 66950
37 75 : 66730
55 88 : 66415
55 91 : 66960
55 106 : 66306
55 109 : 66956
55 127 : 66952
55 75 : 66732
88 91 : 66928
88 109 : 66840
88 127 : 66836
91 106 : 66735
91 109 : 67385
91 124 : 66626
91 127 : 67381
106 109 : 66819
106 127 : 66727
109 124 : 66622
109 127 : 67377
124 127 : 66710
75 88 : 66616
75 91 : 67161
75 106 : 66507
75 109 : 67157
75 124 : 66398
75 127 : 67153
19 37 91 : 66441
19 37 109 : 66437
19 37 127 : 66433
19 37 75 : 66213
19 55 91 : 66443
19 55 109 : 66439
19 55 127 : 66435
19 55 75 : 66215
19 88 91 : 66411
19 88 109 : 66323
19 88 127 : 66319
19 91 106 : 66218
19 91 109 : 66868
19 91 127 : 66864
19 106 109 : 66302
19 106 127 : 66210
19 109 127 : 66860
19 75 91 : 66644
19 75 109 : 66640
19 75 127 : 66636
37 55 91 : 66445
37 55 109 : 66441
37 55 127 : 66437
37 55 75 : 66217
37 88 91 : 66413
37 88 109 : 66325
37 88 127 : 66321
37 91 106 : 66220
37 91 109 : 66870
37 91 127 : 66866
37 106 109 : 66304
37 106 127 : 66212
37 109 127 : 66862
37 75 91 : 66646
37 75 109 : 66642
37 75 127 : 66638
55 88 91 : 66415
55 88 109 : 66327
55 88 127 : 66323
55 91 106 : 66222
55 91 109 : 66872
55 91 127 : 66868
55 106 109 : 66306
55 106 127 : 66214
55 109 127 : 66864
55 75 91 : 66648
55 75 109 : 66644
55 75 127 : 66640
88 91 109 : 66840
88 91 127 : 66836
88 109 127 : 66748
91 106 109 : 66735
91 106 127 : 66643
91 109 124 : 66538
91 109 127 : 67293
91 124 127 : 66626
106 109 127 : 66727
109 124 127 : 66622
75 88 91 : 66616
75 88 109 : 66528
75 88 127 : 66524
75 91 106 : 66423
75 91 109 : 67073
75 91 124 : 66314
75 91 127 : 67069
75 106 109 : 66507
75 106 127 : 66415
75 109 124 : 66310
75 109 127 : 67065
75 124 127 : 66398
19 37 91 109 : 66353
19 37 91 127 : 66349
19 37 109 127 : 66345
19 55 91 109 : 66355
19 55 91 127 : 66351
19 55 109 127 : 66347
19 88 91 109 : 66323
19 88 91 127 : 66319
19 88 109 127 : 66231
19 91 106 109 : 66218
19 91 109 127 : 66776
19 106 109 127 : 66210
19 75 91 109 : 66556
19 75 91 127 : 66552
19 75 109 127 : 66548
37 55 91 109 : 66357
37 55 91 127 : 66353
37 55 109 127 : 66349
37 88 91 109 : 66325
37 88 91 127 : 66321
37 88 109 127 : 66233
37 91 106 109 : 66220
37 91 109 127 : 66778
37 106 109 127 : 66212
37 75 91 109 : 66558
37 75 91 127 : 66554
37 75 109 127 : 66550
55 88 91 109 : 66327
55 88 91 127 : 66323
55 88 109 127 : 66235
55 91 106 109 : 66222
55 91 109 127 : 66780
55 106 109 127 : 66214
55 75 91 109 : 66560
55 75 91 127 : 66556
55 75 109 127 : 66552
88 91 109 127 : 66748
91 106 109 127 : 66643
91 109 124 127 : 66538
75 88 91 109 : 66528
75 88 91 127 : 66524
75 88 109 127 : 66436
75 91 106 109 : 66423
75 91 106 127 : 66331
75 91 109 124 : 66226
75 91 109 127 : 66981
75 91 124 127 : 66314
75 106 109 127 : 66415
75 109 124 127 : 66310
19 37 91 109 127 : 66261
19 55 91 109 127 : 66263
19 88 91 109 127 : 66231
19 75 91 109 127 : 66464
37 55 91 109 127 : 66265
37 88 91 109 127 : 66233
37 75 91 109 127 : 66466
55 88 91 109 127 : 66235
55 75 91 109 127 : 66468
75 88 91 109 127 : 66436
75 91 106 109 127 : 66331
75 91 109 124 127 : 66226
